m=-0.03454465485870977
mabs=133.6041020829126
stdev=28887.86397720345
time=[5.05066525e+02 1.49588585e-02]